15
0.954999 0 0.405 0 0 0 0 0 0 0 0
0.954999 -0.03125 0.405 0 0 0 -14.95 -15.15 -23.7499 -15.2 0
0.954999 -0.06725 0.405 0 -10.45 -29.0498 -28.5499 -33.1498 -46.8496 -15.6 0
0.954999 -0.231248 0.405 0 -24.3499 13.45 6.60001 6.10001 -76.15 -35.1 0
0.954999 -0.113499 0.405 0 -0.149997 -12.15 6.60001 6.10001 -57.7994 -24.3001 0
0.954999 -0.02675 0.405 0 -24.9499 18.65 6.60001 6.10001 -18.75 -14.3 0
0.954999 0.04375 0.405 0 -3.65 -14.85 -17.95 -27.3999 2.85 10.3 0
0.954999 -0.197748 0.405 0 11.8 21.15 -17.95 -27.3999 2.85 10.3 88.9992
0.954999 -0.351252 0.405 0 -3.2 21.15 -44.3996 -50.9995 55.4994 32.4001 179.302
0.954999 -0.351252 0.405 0 23.4999 21.15 -6.55001 -50.9995 55.4994 32.4001 179.302
0.954999 -0.274999 0.405 0 5.40001 -25.4499 -40.0997 1.25 27.4499 32.4001 264.107
0.954999 -0.01925 0.405 0 -18.2 8.25001 -1.1 1.25 0.150002 -0.399998 360.213
0.954999 -0.01925 0.405 0 17.8 -19.3 -55.2494 1.25 0.150002 -0.399998 360.213
0.954999 -0.01925 0.405 0 -18.65 11.15 -84.9506 1.25 0.150002 -0.399998 360.213
0.954999 -0.01925 0.405 0 18.05 -16.6 3.75 1.25 0.150002 -0.399998 360.213
